BE-Bra1996	1996	1996	51.30761	4.51984	1	0.5
BE-Bra1997	1997	1997	51.30761	4.51984	1	0.5
BE-Bra1998	1998	1998	51.30761	4.51984	1	0.5
BE-Bra1999	1999	1999	51.30761	4.51984	1	0.5
BE-Bra2000	2000	2000	51.30761	4.51984	1	0.5
BE-Bra2001	2001	2001	51.30761	4.51984	1	0.5
BE-Bra2002	2002	2002	51.30761	4.51984	1	0.5
BE-Bra2003	2003	2003	51.30761	4.51984	1	0.5
BE-Bra2004	2004	2004	51.30761	4.51984	1	0.5
BE-Bra2005	2005	2005	51.30761	4.51984	1	0.5
BE-Bra2006	2006	2006	51.30761	4.51984	1	0.5
BE-Bra2007	2007	2007	51.30761	4.51984	1	0.5
BE-Bra2008	2008	2008	51.30761	4.51984	1	0.5
BE-Bra2009	2009	2009	51.30761	4.51984	1	0.5
BE-Bra2010	2010	2010	51.30761	4.51984	1	0.5
BE-Bra2011	2011	2011	51.30761	4.51984	1	0.5
BE-Bra2012	2012	2012	51.30761	4.51984	1	0.5
BE-Bra2013	2013	2013	51.30761	4.51984	1	0.5
BE-Bra2014	2014	2014	51.30761	4.51984	1	0.5
BE-Bra2015	2015	2015	51.30761	4.51984	1	0.5
BE-Bra2016	2016	2016	51.30761	4.51984	1	0.5
BE-Bra2017	2017	2017	51.30761	4.51984	1	0.5
BE-Bra2018	2018	2018	51.30761	4.51984	1	0.5
BE-Bra2019	2019	2019	51.30761	4.51984	1	0.5
BE-Bra2020	2020	2020	51.30761	4.51984	1	0.5
DK-Sor1996	1996	1996	55.48587	11.644645	1	0.5
DK-Sor1997	1997	1997	55.48587	11.644645	1	0.5
DK-Sor1998	1998	1998	55.48587	11.644645	1	0.5
DK-Sor1999	1999	1999	55.48587	11.644645	1	0.5
DK-Sor2000	2000	2000	55.48587	11.644645	1	0.5
DK-Sor2001	2001	2001	55.48587	11.644645	1	0.5
DK-Sor2002	2002	2002	55.48587	11.644645	1	0.5
DK-Sor2003	2003	2003	55.48587	11.644645	1	0.5
DK-Sor2004	2004	2004	55.48587	11.644645	1	0.5
DK-Sor2005	2005	2005	55.48587	11.644645	1	0.5
DK-Sor2006	2006	2006	55.48587	11.644645	1	0.5
DK-Sor2007	2007	2007	55.48587	11.644645	1	0.5
DK-Sor2008	2008	2008	55.48587	11.644645	1	0.5
DK-Sor2009	2009	2009	55.48587	11.644645	1	0.5
DK-Sor2010	2010	2010	55.48587	11.644645	1	0.5
DK-Sor2011	2011	2011	55.48587	11.644645	1	0.5
DK-Sor2012	2012	2012	55.48587	11.644645	1	0.5
DK-Sor2013	2013	2013	55.48587	11.644645	1	0.5
DK-Sor2014	2014	2014	55.48587	11.644645	1	0.5
DK-Sor2015	2015	2015	55.48587	11.644645	1	0.5
DK-Sor2016	2016	2016	55.48587	11.644645	1	0.5
DK-Sor2017	2017	2017	55.48587	11.644645	1	0.5
DK-Sor2018	2018	2018	55.48587	11.644645	1	0.5
DK-Sor2019	2019	2019	55.48587	11.644645	1	0.5
DK-Sor2020	2020	2020	55.48587	11.644645	1	0.5
FR-Fon2005	2005	2005	48.476357	2.780096	1	0.5
FR-Fon2006	2006	2006	48.476357	2.780096	1	0.5
FR-Fon2007	2007	2007	48.476357	2.780096	1	0.5
FR-Fon2008	2008	2008	48.476357	2.780096	1	0.5
FR-Fon2009	2009	2009	48.476357	2.780096	1	0.5
FR-Fon2010	2010	2010	48.476357	2.780096	1	0.5
FR-Fon2011	2011	2011	48.476357	2.780096	1	0.5
FR-Fon2012	2012	2012	48.476357	2.780096	1	0.5
FR-Fon2013	2013	2013	48.476357	2.780096	1	0.5
FR-Fon2014	2014	2014	48.476357	2.780096	1	0.5
FR-Fon2015	2015	2015	48.476357	2.780096	1	0.5
FR-Fon2016	2016	2016	48.476357	2.780096	1	0.5
FR-Fon2017	2017	2017	48.476357	2.780096	1	0.5
FR-Fon2018	2018	2018	48.476357	2.780096	1	0.5
FR-Fon2019	2019	2019	48.476357	2.780096	1	0.5
FR-Fon2020	2020	2020	48.476357	2.780096	1	0.5
GF-Guy2004	2004	2004	5.2787	-52.9248	-3	0.5
GF-Guy2005	2005	2005	5.2787	-52.9248	-3	0.5
GF-Guy2006	2006	2006	5.2787	-52.9248	-3	0.5
GF-Guy2007	2007	2007	5.2787	-52.9248	-3	0.5
GF-Guy2008	2008	2008	5.2787	-52.9248	-3	0.5
GF-Guy2009	2009	2009	5.2787	-52.9248	-3	0.5
GF-Guy2010	2010	2010	5.2787	-52.9248	-3	0.5
GF-Guy2011	2011	2011	5.2787	-52.9248	-3	0.5
GF-Guy2012	2012	2012	5.2787	-52.9248	-3	0.5
GF-Guy2013	2013	2013	5.2787	-52.9248	-3	0.5
GF-Guy2014	2014	2014	5.2787	-52.9248	-3	0.5
GF-Guy2015	2015	2015	5.2787	-52.9248	-3	0.5
GF-Guy2016	2016	2016	5.2787	-52.9248	-3	0.5
GF-Guy2017	2017	2017	5.2787	-52.9248	-3	0.5
GF-Guy2018	2018	2018	5.2787	-52.9248	-3	0.5
GF-Guy2019	2019	2019	5.2787	-52.9248	-3	0.5
GF-Guy2020	2020	2020	5.2787	-52.9248	-3	0.5
IT-MBo2003	2003	2003	46.01468	11.045831	1	0.5
IT-MBo2004	2004	2004	46.01468	11.045831	1	0.5
IT-MBo2005	2005	2005	46.01468	11.045831	1	0.5
IT-MBo2006	2006	2006	46.01468	11.045831	1	0.5
IT-MBo2007	2007	2007	46.01468	11.045831	1	0.5
IT-MBo2008	2008	2008	46.01468	11.045831	1	0.5
IT-MBo2009	2009	2009	46.01468	11.045831	1	0.5
IT-MBo2010	2010	2010	46.01468	11.045831	1	0.5
IT-MBo2011	2011	2011	46.01468	11.045831	1	0.5
IT-MBo2012	2012	2012	46.01468	11.045831	1	0.5
IT-MBo2013	2013	2013	46.01468	11.045831	1	0.5
IT-MBo2014	2014	2014	46.01468	11.045831	1	0.5
IT-MBo2015	2015	2015	46.01468	11.045831	1	0.5
IT-MBo2016	2016	2016	46.01468	11.045831	1	0.5
IT-MBo2017	2017	2017	46.01468	11.045831	1	0.5
IT-MBo2018	2018	2018	46.01468	11.045831	1	0.5
IT-MBo2019	2019	2019	46.01468	11.045831	1	0.5
IT-MBo2020	2020	2020	46.01468	11.045831	1	0.5
